orange          2   214.0 0.0 56.0 75.0     0.0 0.0
reg_hpcase      0   0.0 0.0 100.0 8.0       0.0 -30.0
reg_hpbar       0   100.0 0.0 100.0 8.0     0.0 -30.0
player          0   0.0 9.0 48.0 32.0       10.0 0.0
grunt           0   76.0 12.0 53.0 32.0     0.0 0.0
sprinkler       0   148.0 19.0 27.0 22.0    0.0 0.0
reg_bullet      0   7.0 136.0 17.0 6.0      0.0 0.0
reg_bullet_p    0   7.0 136.0 17.0 6.0      0.0 0.0
split_bullet    0   44.0 208.0 23.0 23.0    0.0 0.0
alien           0   86.0 50.0 112.0 66.0    10.0 0.0
medkit          0   0.0 174.0 35.0 26.0     0.0 0.0
wiper           0   0.0 0.0 0.0 0.0         0.0 0.0
w_laser         0   78.0 170.0 96.0 16.0    0.0 0.0
m_laser         0   2.0 156.0 196.0 9.0     0.0 0.0
gwiper          0   0.0 0.0 0.0 0.0         0.0 0.0
grenade         0   80.0 128.0 13.0 16.0    0.0 0.0
exp0            1   0.0 256.0 256.0 256.0       0.0 0.0
exp1            1   256.0 256.0 256.0 256.0     0.0 0.0
exp2            1   512.0 256.0 256.0 256.0     0.0 0.0
exp3            1   768.0 256.0 256.0 256.0     0.0 0.0
exp4            1   1024.0 256.0 256.0 256.0    0.0 0.0
exp5            1   1280.0 256.0 256.0 256.0    0.0 0.0
exp6            1   0.0 768.0 256.0 256.0       0.0 0.0
exp7            1   256.0 768.0 256.0 256.0     0.0 0.0
exp8            1   512.0 768.0 256.0 256.0     0.0 0.0
exp9            1   768.0 768.0 256.0 256.0     0.0 0.0
exp10           1   1024.0 768.0 256.0 256.0    0.0 0.0
exp11           1   1280.0 768.0 256.0 256.0    0.0 0.0
round_bullet    0   6.5 207.5 24.0 24.0         0.0 0.0
chase_bullet    0   33.0 132.0 34.0 14.0        0.0 0.0
split_bullet_rnd0   0   74.0 201.0 38.0 39.0   0.0 0.0
split_bullet_rnd1   0   113.0 202.0 37.0 37.0   0.0 0.0
split_bullet_rnd2   0   152.0 202.0 36.0 36.0    0.0 0.0
disappoint      0   20.0 65.0 36.0 36.0     0.0 0.0
airstrike       0   214.0 0.0 56.0 75.0     0.0 0.0
airstrike_target    0   221.0 101.0 70.0 49.0     0.0 0.0
orange          2   214.0 0.0 56.0 75.0     0.0 0.0